3
5
6
7
8
11
14
16
17
21
22
25
27
28
29
30
31
32
33
34
35
37
38
40
41
42
45
46
47
48
49
51
52
53
54
55
56
58
59
60
61
62
63
64
67
68
69
70
72
74
76
77
78
79
80
81
83
84
86
89
90
91
92
93
96
97
98
99
100
101
103
104
105
106
107
108
109
110
111
112
113
115
117
119
120
121
123
127
128
129
131
133
134
135
136
138
139
140
142
143
144
145
146
147
148
149
150
151
152
155
156
157
159
160
162
163
164
165
166
169
170
171
172
174
175
176
177
178
179
180
181
182
183
184
185
186
187
188
190
193
194
195
196
197
198
201
202
204
205
208
